<<<<<<< HEAD
[gd_scene load_steps=27 format=3 uid="uid://dit5fjgxvvysf"]
=======
[gd_scene load_steps=15 format=3 uid="uid://dit5fjgxvvysf"]
>>>>>>> 80f349137cfac1222e401724817e5f33f8f49e1c

[ext_resource type="PackedScene" uid="uid://bl0h3mi0qhq4f" path="res://Scene/_main_s/Village.tscn" id="1_c6k8p"]
[ext_resource type="PackedScene" uid="uid://cr16qvxkng034" path="res://Player/player.tscn" id="2_csiqh"]
[ext_resource type="PackedScene" uid="uid://dcig5eot87p8w" path="res://Scene/object_s/TestSphere.tscn" id="3_kqf6j"]
[ext_resource type="PackedScene" uid="uid://r61bfbf25gcy" path="res://Scene/note_s/Note.tscn" id="3_mbwnc"]
[ext_resource type="PackedScene" uid="uid://cuiklvlmyu8n6" path="res://Scene/object_s/TestCube.tscn" id="4_e41yp"]
[ext_resource type="PackedScene" uid="uid://b76niexsnwx45" path="res://UI/effects/transitionscreen.tscn" id="4_mbwnc"]
[ext_resource type="PackedScene" uid="uid://cql47emoguxmu" path="res://Scene/object_s/Battery.tscn" id="6_csiqh"]
[ext_resource type="PackedScene" uid="uid://1wmf11s0kx41" path="res://Scene/object_s/Door_key.tscn" id="9_1f7mq"]
<<<<<<< HEAD
[ext_resource type="ArrayMesh" uid="uid://exny6rr0xovd" path="res://Assets/Photography.obj" id="9_4bh3e"]
[ext_resource type="Texture2D" uid="uid://dark8h0ohfh5t" path="res://Textures/surface/wood/Wood_06.jpg" id="10_4bh3e"]
[ext_resource type="Texture2D" uid="uid://bvrm0fw7gju0v" path="res://Textures/pictures/image3.png" id="11_ywl1d"]
[ext_resource type="Texture2D" uid="uid://clwsj3a1js80d" path="res://Textures/pictures/Screenshot 2025-10-30 183850.png" id="12_q41ih"]
=======
>>>>>>> 80f349137cfac1222e401724817e5f33f8f49e1c

[sub_resource type="ProceduralSkyMaterial" id="ProceduralSkyMaterial_xdm7g"]
sky_horizon_color = Color(0.66224277, 0.6717428, 0.6867428, 1)
ground_bottom_color = Color(0.19607843, 0.19607843, 0.19607843, 1)
ground_horizon_color = Color(0.66224277, 0.6717428, 0.6867428, 1)
energy_multiplier = 0.1

[sub_resource type="Sky" id="Sky_7yd8q"]
sky_material = SubResource("ProceduralSkyMaterial_xdm7g")

[sub_resource type="Environment" id="Environment_mtw86"]
background_mode = 2
background_energy_multiplier = 0.1
sky = SubResource("Sky_7yd8q")
ambient_light_sky_contribution = 0.3
ambient_light_energy = 0.4
tonemap_mode = 2
ssr_enabled = true
ssao_enabled = true
sdfgi_enabled = true
glow_enabled = true
volumetric_fog_enabled = true
volumetric_fog_albedo = Color(0.78431374, 0.78431374, 0.78431374, 1)
volumetric_fog_emission = Color(0.19607843, 0.3137255, 0.47058824, 1)
volumetric_fog_emission_energy = 0.3
volumetric_fog_sky_affect = 0.3

[sub_resource type="PhysicsMaterial" id="PhysicsMaterial_1f7mq"]

<<<<<<< HEAD
[sub_resource type="PhysicsMaterial" id="PhysicsMaterial_evdw8"]

[sub_resource type="PhysicsMaterial" id="PhysicsMaterial_q41ih"]

[sub_resource type="PhysicsMaterial" id="PhysicsMaterial_mbwnc"]

=======
>>>>>>> 80f349137cfac1222e401724817e5f33f8f49e1c
[sub_resource type="PhysicsMaterial" id="PhysicsMaterial_4bh3e"]

[sub_resource type="PhysicsMaterial" id="PhysicsMaterial_ywl1d"]

<<<<<<< HEAD
[sub_resource type="StandardMaterial3D" id="StandardMaterial3D_ywl1d"]
albedo_texture = ExtResource("10_4bh3e")

[sub_resource type="StandardMaterial3D" id="StandardMaterial3D_q41ih"]
albedo_texture = ExtResource("11_ywl1d")
uv1_scale = Vector3(-4, -4, -4)
uv1_offset = Vector3(0.505, 0.96, 0)

[sub_resource type="ConcavePolygonShape3D" id="ConcavePolygonShape3D_ywl1d"]
data = PackedVector3Array(-0.75, 0.5, 0.049999997, -0.75, -0.5, 0.049999997, -0.75, 0.5, -0.049999997, -0.75, 0.5, -0.049999997, -0.75, -0.5, 0.049999997, -0.75, -0.5, -0.049999997, 0.6444, -0.4296, -0.049999997, 0.6444, 0.4296, -0.049999997, 0.6444, -0.4296, 0.0046, 0.6444, -0.4296, 0.0046, 0.6444, 0.4296, -0.049999997, 0.6444, 0.4296, 0.0046, 0.75, 0.5, -0.049999997, 0.75, -0.5, -0.049999997, 0.75, 0.5, 0.049999997, 0.75, 0.5, 0.049999997, 0.75, -0.5, -0.049999997, 0.75, -0.5, 0.049999997, 0.75, 0.5, 0.049999997, 0.75, -0.5, 0.049999997, -0.75, 0.5, 0.049999997, -0.75, 0.5, 0.049999997, 0.75, -0.5, 0.049999997, -0.75, -0.5, 0.049999997, 0.75, -0.5, -0.049999997, -0.75, -0.5, -0.049999997, 0.75, -0.5, 0.049999997, 0.75, -0.5, 0.049999997, -0.75, -0.5, -0.049999997, -0.75, -0.5, 0.049999997, -0.75, 0.5, -0.049999997, 0.75, 0.5, -0.049999997, -0.75, 0.5, 0.049999997, -0.75, 0.5, 0.049999997, 0.75, 0.5, -0.049999997, 0.75, 0.5, 0.049999997, -0.6444, -0.4296, -0.049999997, -0.6444, 0.4296, -0.049999997, -0.75, -0.5, -0.049999997, -0.75, -0.5, -0.049999997, -0.6444, 0.4296, -0.049999997, -0.75, 0.5, -0.049999997, 0.75, -0.5, -0.049999997, -0.6444, -0.4296, -0.049999997, -0.75, -0.5, -0.049999997, -0.6444, 0.4296, -0.049999997, 0.6444, 0.4296, -0.049999997, -0.75, 0.5, -0.049999997, 0.6444, -0.4296, -0.049999997, -0.6444, -0.4296, -0.049999997, 0.75, -0.5, -0.049999997, -0.75, 0.5, -0.049999997, 0.6444, 0.4296, -0.049999997, 0.75, 0.5, -0.049999997, 0.6444, 0.4296, -0.049999997, 0.6444, -0.4296, -0.049999997, 0.75, 0.5, -0.049999997, 0.75, 0.5, -0.049999997, 0.6444, -0.4296, -0.049999997, 0.75, -0.5, -0.049999997, -0.6444, -0.4296, -0.049999997, 0.6444, -0.4296, -0.049999997, -0.6444, -0.4296, 0.0046, -0.6444, -0.4296, 0.0046, 0.6444, -0.4296, -0.049999997, 0.6444, -0.4296, 0.0046, 0.6444, 0.4296, -0.049999997, -0.6444, 0.4296, -0.049999997, 0.6444, 0.4296, 0.0046, 0.6444, 0.4296, 0.0046, -0.6444, 0.4296, -0.049999997, -0.6444, 0.4296, 0.0046, -0.6444, 0.4296, -0.049999997, -0.6444, -0.4296, -0.049999997, -0.6444, 0.4296, 0.0046, -0.6444, 0.4296, 0.0046, -0.6444, -0.4296, -0.049999997, -0.6444, -0.4296, 0.0046, -0.6444, 0.4296, 0.0046, -0.6444, -0.4296, 0.0046, 0.6444, 0.4296, 0.0046, 0.6444, 0.4296, 0.0046, -0.6444, -0.4296, 0.0046, 0.6444, -0.4296, 0.0046)

[sub_resource type="StandardMaterial3D" id="StandardMaterial3D_evdw8"]
albedo_texture = ExtResource("12_q41ih")
uv1_scale = Vector3(-4.5, -4.5, -4.5)
uv1_offset = Vector3(-0.225, 0.285, 0)

[sub_resource type="ConcavePolygonShape3D" id="ConcavePolygonShape3D_q41ih"]
data = PackedVector3Array(-0.75, 0.5, 0.049999997, -0.75, -0.5, 0.049999997, -0.75, 0.5, -0.049999997, -0.75, 0.5, -0.049999997, -0.75, -0.5, 0.049999997, -0.75, -0.5, -0.049999997, 0.6444, -0.4296, -0.049999997, 0.6444, 0.4296, -0.049999997, 0.6444, -0.4296, 0.0046, 0.6444, -0.4296, 0.0046, 0.6444, 0.4296, -0.049999997, 0.6444, 0.4296, 0.0046, 0.75, 0.5, -0.049999997, 0.75, -0.5, -0.049999997, 0.75, 0.5, 0.049999997, 0.75, 0.5, 0.049999997, 0.75, -0.5, -0.049999997, 0.75, -0.5, 0.049999997, 0.75, 0.5, 0.049999997, 0.75, -0.5, 0.049999997, -0.75, 0.5, 0.049999997, -0.75, 0.5, 0.049999997, 0.75, -0.5, 0.049999997, -0.75, -0.5, 0.049999997, 0.75, -0.5, -0.049999997, -0.75, -0.5, -0.049999997, 0.75, -0.5, 0.049999997, 0.75, -0.5, 0.049999997, -0.75, -0.5, -0.049999997, -0.75, -0.5, 0.049999997, -0.75, 0.5, -0.049999997, 0.75, 0.5, -0.049999997, -0.75, 0.5, 0.049999997, -0.75, 0.5, 0.049999997, 0.75, 0.5, -0.049999997, 0.75, 0.5, 0.049999997, -0.6444, -0.4296, -0.049999997, -0.6444, 0.4296, -0.049999997, -0.75, -0.5, -0.049999997, -0.75, -0.5, -0.049999997, -0.6444, 0.4296, -0.049999997, -0.75, 0.5, -0.049999997, 0.75, -0.5, -0.049999997, -0.6444, -0.4296, -0.049999997, -0.75, -0.5, -0.049999997, -0.6444, 0.4296, -0.049999997, 0.6444, 0.4296, -0.049999997, -0.75, 0.5, -0.049999997, 0.6444, -0.4296, -0.049999997, -0.6444, -0.4296, -0.049999997, 0.75, -0.5, -0.049999997, -0.75, 0.5, -0.049999997, 0.6444, 0.4296, -0.049999997, 0.75, 0.5, -0.049999997, 0.6444, 0.4296, -0.049999997, 0.6444, -0.4296, -0.049999997, 0.75, 0.5, -0.049999997, 0.75, 0.5, -0.049999997, 0.6444, -0.4296, -0.049999997, 0.75, -0.5, -0.049999997, -0.6444, -0.4296, -0.049999997, 0.6444, -0.4296, -0.049999997, -0.6444, -0.4296, 0.0046, -0.6444, -0.4296, 0.0046, 0.6444, -0.4296, -0.049999997, 0.6444, -0.4296, 0.0046, 0.6444, 0.4296, -0.049999997, -0.6444, 0.4296, -0.049999997, 0.6444, 0.4296, 0.0046, 0.6444, 0.4296, 0.0046, -0.6444, 0.4296, -0.049999997, -0.6444, 0.4296, 0.0046, -0.6444, 0.4296, -0.049999997, -0.6444, -0.4296, -0.049999997, -0.6444, 0.4296, 0.0046, -0.6444, 0.4296, 0.0046, -0.6444, -0.4296, -0.049999997, -0.6444, -0.4296, 0.0046, -0.6444, 0.4296, 0.0046, -0.6444, -0.4296, 0.0046, 0.6444, 0.4296, 0.0046, 0.6444, 0.4296, 0.0046, -0.6444, -0.4296, 0.0046, 0.6444, -0.4296, 0.0046)

=======
>>>>>>> 80f349137cfac1222e401724817e5f33f8f49e1c
[node name="TestScene" type="Node3D"]

[node name="transitionscreen" parent="." instance=ExtResource("4_mbwnc")]

[node name="WorldEnvironment" type="WorldEnvironment" parent="."]
environment = SubResource("Environment_mtw86")

[node name="DirectionalLight3D" type="DirectionalLight3D" parent="."]
transform = Transform3D(-0.8660253, -0.4330129, 0.2500001, 0, 0.49999994, 0.86602545, -0.50000024, 0.74999994, -0.43301257, 0, 22.168022, 0)
light_energy = 0.25
shadow_enabled = true
shadow_bias = 0.05
directional_shadow_split_1 = 0.05
directional_shadow_blend_splits = true

[node name="Village" parent="." instance=ExtResource("1_c6k8p")]
transform = Transform3D(1.75, 0, 0, 0, 1.25, 0, 0, 0, 1.75, 0, 0, 0)
metadata/_edit_lock_ = true

[node name="Note" parent="." instance=ExtResource("3_mbwnc")]
transform = Transform3D(1, 0, 0, 0, 1, 0, 0, 0, 1, 13.641976, 1.1527436, -3.2895126)
note_text = "2.ส่งลิ้งค์มา… แต่นายไม่เช็กเลยสินะ…”ควรทำอย่างไรก่อนกดลิ้งค์ที่ได้รับจากคนรู้จัก?
 1. กดทันที
 2. ตรวจสอบความถูกต้องของ URL
 3. แชร์ต่อ
 4. เปิดในโหมดลับ"
font_size = 25

[node name="Note2" parent="." instance=ExtResource("3_mbwnc")]
transform = Transform3D(1, 0, 0, 0, 1, 0, 0, 0, 1, 9.082951, 0.792318, -9.416071)
note_text = "“นายอาจหนีฉันได้… แต่หนีผลของการกระทำในโลกดิจิทัลไม่ได้หรอก”
บทเรียนสำคัญของเกมนี้คืออะไร?
1.ใช้เทคโนโลยีอย่างมีสติและรับผิดชอบ
2. กลัวผีไว้ก่อน
3. ไม่กดลิ้งค์เด็ดขาด
4. ปิดอินเทอร์เน็ตตลอดเวลา"
font_size = 25

[node name="Note3" parent="." instance=ExtResource("3_mbwnc")]
transform = Transform3D(0.9182668, 0, 0.39596224, 0, 1, 0, -0.39596224, 0, 0.9182668, 3.2692318, 0.53144264, -16.517826)
note_text = "“นายอาจหนีฉันได้… แต่หนีผลของการกระทำในโลกดิจิทัลไม่ได้หรอก”
บทเรียนสำคัญของเกมนี้คืออะไร?
1.ใช้เทคโนโลยีอย่างมีสติและรับผิดชอบ
2. กลัวผีไว้ก่อน
3. ไม่กดลิ้งค์เด็ดขาด
4. ปิดอินเทอร์เน็ตตลอดเวลา"
font_size = 25

[node name="Note4" parent="." instance=ExtResource("3_mbwnc")]
transform = Transform3D(0.6023305, 0, -0.7982466, 0, 1, 0, 0.7982466, 0, 0.6023305, 1.1005723, 0.014265895, -18.490381)
note_text = "“นายอาจหนีฉันได้… แต่หนีผลของการกระทำในโลกดิจิทัลไม่ได้หรอก”
บทเรียนสำคัญของเกมนี้คืออะไร?
1.ใช้เทคโนโลยีอย่างมีสติและรับผิดชอบ
2. กลัวผีไว้ก่อน
3. ไม่กดลิ้งค์เด็ดขาด
4. ปิดอินเทอร์เน็ตตลอดเวลา"
font_size = 25

[node name="Note5" parent="." instance=ExtResource("3_mbwnc")]
transform = Transform3D(0.90377647, 0, -0.42800465, 0, 1, 0, 0.42800465, 0, 0.90377647, 6.465846, 5.7887278, -4.9218407)
note_text = "“นายอาจหนีฉันได้… แต่หนีผลของการกระทำในโลกดิจิทัลไม่ได้หรอก”
บทเรียนสำคัญของเกมนี้คืออะไร?
1.ใช้เทคโนโลยีอย่างมีสติและรับผิดชอบ
2. กลัวผีไว้ก่อน
3. ไม่กดลิ้งค์เด็ดขาด
4. ปิดอินเทอร์เน็ตตลอดเวลา"
font_size = 25

[node name="Note6" parent="." instance=ExtResource("3_mbwnc")]
transform = Transform3D(0.9533119, 0, 0.3019872, 0, 1, 0, -0.3019872, 0, 0.9533119, 12.766139, 5.7887278, -23.179987)
note_text = "“นายอาจหนีฉันได้… แต่หนีผลของการกระทำในโลกดิจิทัลไม่ได้หรอก”
บทเรียนสำคัญของเกมนี้คืออะไร?
1.ใช้เทคโนโลยีอย่างมีสติและรับผิดชอบ
2. กลัวผีไว้ก่อน
3. ไม่กดลิ้งค์เด็ดขาด
4. ปิดอินเทอร์เน็ตตลอดเวลา"
font_size = 25

[node name="Note7" parent="." instance=ExtResource("3_mbwnc")]
transform = Transform3D(0.9533119, 0, 0.3019872, 0, 1, 0, -0.3019872, 0, 0.9533119, -5.8821115, 5.793078, -7.638394)
note_text = "“นายอาจหนีฉันได้… แต่หนีผลของการกระทำในโลกดิจิทัลไม่ได้หรอก”
บทเรียนสำคัญของเกมนี้คืออะไร?
1.ใช้เทคโนโลยีอย่างมีสติและรับผิดชอบ
2. กลัวผีไว้ก่อน
3. ไม่กดลิ้งค์เด็ดขาด
4. ปิดอินเทอร์เน็ตตลอดเวลา"
font_size = 25

[node name="Note27" parent="." instance=ExtResource("3_mbwnc")]
transform = Transform3D(0.06432329, 4.0809198e-08, -0.99792886, 0.997929, -4.643252e-08, 0.06432329, -4.371138e-08, -0.9999999, -4.3711374e-08, 3.4405808, 6.655394, -13.127947)
note_text = "“นายอาจหนีฉันได้… แต่หนีผลของการกระทำในโลกดิจิทัลไม่ได้หรอก”
บทเรียนสำคัญของเกมนี้คืออะไร?
1.ใช้เทคโนโลยีอย่างมีสติและรับผิดชอบ
2. กลัวผีไว้ก่อน
3. ไม่กดลิ้งค์เด็ดขาด
4. ปิดอินเทอร์เน็ตตลอดเวลา"
font_size = 25

[node name="Note8" parent="." instance=ExtResource("3_mbwnc")]
transform = Transform3D(0.70334506, 0, -0.71084857, 0, 1, 0, 0.71084857, 0, 0.70334506, 9.527386, 5.4943027, -1.9071916)
note_text = "“นายอาจหนีฉันได้… แต่หนีผลของการกระทำในโลกดิจิทัลไม่ได้หรอก”
บทเรียนสำคัญของเกมนี้คืออะไร?
1.ใช้เทคโนโลยีอย่างมีสติและรับผิดชอบ
2. กลัวผีไว้ก่อน
3. ไม่กดลิ้งค์เด็ดขาด
4. ปิดอินเทอร์เน็ตตลอดเวลา"
font_size = 25

[node name="Note9" parent="." instance=ExtResource("3_mbwnc")]
transform = Transform3D(1.9106853e-15, 4.3711385e-08, -0.9999998, 0.9999999, -4.3711385e-08, 0, -4.3711385e-08, -0.9999999, -4.371138e-08, 1.1697927, 6.555743, -15.454876)
note_text = "“นายอาจหนีฉันได้… แต่หนีผลของการกระทำในโลกดิจิทัลไม่ได้หรอก”
บทเรียนสำคัญของเกมนี้คืออะไร?
1.ใช้เทคโนโลยีอย่างมีสติและรับผิดชอบ
2. กลัวผีไว้ก่อน
3. ไม่กดลิ้งค์เด็ดขาด
4. ปิดอินเทอร์เน็ตตลอดเวลา"
font_size = 25

[node name="Note10" parent="." instance=ExtResource("3_mbwnc")]
transform = Transform3D(0.76920986, 0, -0.63899595, 0, 0.9999999, 0, 0.638996, 0, 0.76920986, 1.1668286, 4.6698275, -19.38695)
note_text = "“นายอาจหนีฉันได้… แต่หนีผลของการกระทำในโลกดิจิทัลไม่ได้หรอก”
บทเรียนสำคัญของเกมนี้คืออะไร?
1.ใช้เทคโนโลยีอย่างมีสติและรับผิดชอบ
2. กลัวผีไว้ก่อน
3. ไม่กดลิ้งค์เด็ดขาด
4. ปิดอินเทอร์เน็ตตลอดเวลา"
font_size = 25

[node name="Note11" parent="." instance=ExtResource("3_mbwnc")]
transform = Transform3D(0.9962566, 0, 0.086442836, 0, 0.9999999, 0, -0.086442836, 0, 0.9962566, -5.6153116, 1.0365436, -17.051851)
note_text = "“นายอาจหนีฉันได้… แต่หนีผลของการกระทำในโลกดิจิทัลไม่ได้หรอก”
บทเรียนสำคัญของเกมนี้คืออะไร?
1.ใช้เทคโนโลยีอย่างมีสติและรับผิดชอบ
2. กลัวผีไว้ก่อน
3. ไม่กดลิ้งค์เด็ดขาด
4. ปิดอินเทอร์เน็ตตลอดเวลา"
font_size = 25

[node name="Note12" parent="." instance=ExtResource("3_mbwnc")]
transform = Transform3D(0.8815752, 0, -0.472043, 0, 0.9999999, 0, 0.472043, 0, 0.8815752, 11.667807, 1.7846017, -20.427986)
note_text = "“นายอาจหนีฉันได้… แต่หนีผลของการกระทำในโลกดิจิทัลไม่ได้หรอก”
บทเรียนสำคัญของเกมนี้คืออะไร?
1.ใช้เทคโนโลยีอย่างมีสติและรับผิดชอบ
2. กลัวผีไว้ก่อน
3. ไม่กดลิ้งค์เด็ดขาด
4. ปิดอินเทอร์เน็ตตลอดเวลา"
font_size = 25

[node name="Note13" parent="." instance=ExtResource("3_mbwnc")]
transform = Transform3D(-0.31558266, 5.5272203e-08, -0.9488976, 0.9488976, -2.768309e-08, -0.31558266, -4.3711367e-08, -0.9999999, -4.3711367e-08, 2.7083347, 3.9087803, -8.320025)
note_text = "“นายอาจหนีฉันได้… แต่หนีผลของการกระทำในโลกดิจิทัลไม่ได้หรอก”
บทเรียนสำคัญของเกมนี้คืออะไร?
1.ใช้เทคโนโลยีอย่างมีสติและรับผิดชอบ
2. กลัวผีไว้ก่อน
3. ไม่กดลิ้งค์เด็ดขาด
4. ปิดอินเทอร์เน็ตตลอดเวลา"
font_size = 25

[node name="Note14" parent="." instance=ExtResource("3_mbwnc")]
transform = Transform3D(-0.8470384, 0, -0.53153175, 0, 1, 0, 0.53153175, 0, -0.8470384, 15.216982, 0.52388215, -6.534294)
note_text = "2.ส่งลิ้งค์มา… แต่นายไม่เช็กเลยสินะ…”ควรทำอย่างไรก่อนกดลิ้งค์ที่ได้รับจากคนรู้จัก?
 1. กดทันที
 2. ตรวจสอบความถูกต้องของ URL
 3. แชร์ต่อ
 4. เปิดในโหมดลับ"
font_size = 25

[node name="Note15" parent="." instance=ExtResource("3_mbwnc")]
transform = Transform3D(-0.9727678, 0, -0.23178199, 0, 1, 0, 0.23178199, 0, -0.9727678, 14.556999, 1.6560613, -10.256742)
note_text = "2.ส่งลิ้งค์มา… แต่นายไม่เช็กเลยสินะ…”ควรทำอย่างไรก่อนกดลิ้งค์ที่ได้รับจากคนรู้จัก?
 1. กดทันที
 2. ตรวจสอบความถูกต้องของ URL
 3. แชร์ต่อ
 4. เปิดในโหมดลับ"
font_size = 25

[node name="Note16" parent="." instance=ExtResource("3_mbwnc")]
transform = Transform3D(-0.2405329, 0, -0.9706409, 0, 1, 0, 0.9706409, 0, -0.2405329, 15.219406, 0.89654803, -40.91163)
note_text = "2.ส่งลิ้งค์มา… แต่นายไม่เช็กเลยสินะ…”ควรทำอย่างไรก่อนกดลิ้งค์ที่ได้รับจากคนรู้จัก?
 1. กดทันที
 2. ตรวจสอบความถูกต้องของ URL
 3. แชร์ต่อ
 4. เปิดในโหมดลับ"
font_size = 25

[node name="Note17" parent="." instance=ExtResource("3_mbwnc")]
transform = Transform3D(0.7524723, 0, 0.65862364, 0, 1, 0, -0.65862364, 0, 0.7524723, 15.856209, 1.7846017, -22.004494)
note_text = "“นายอาจหนีฉันได้… แต่หนีผลของการกระทำในโลกดิจิทัลไม่ได้หรอก”
บทเรียนสำคัญของเกมนี้คืออะไร?
1.ใช้เทคโนโลยีอย่างมีสติและรับผิดชอบ
2. กลัวผีไว้ก่อน
3. ไม่กดลิ้งค์เด็ดขาด
4. ปิดอินเทอร์เน็ตตลอดเวลา"
font_size = 25

[node name="Note18" parent="." instance=ExtResource("3_mbwnc")]
transform = Transform3D(0.62326545, 0, -0.78201, 0, 1, 0, 0.78201, 0, 0.62326545, 6.812843, 0.57873964, -21.472803)
note_text = "“นายอาจหนีฉันได้… แต่หนีผลของการกระทำในโลกดิจิทัลไม่ได้หรอก”
บทเรียนสำคัญของเกมนี้คืออะไร?
1.ใช้เทคโนโลยีอย่างมีสติและรับผิดชอบ
2. กลัวผีไว้ก่อน
3. ไม่กดลิ้งค์เด็ดขาด
4. ปิดอินเทอร์เน็ตตลอดเวลา"
font_size = 25

[node name="Note19" parent="." instance=ExtResource("3_mbwnc")]
transform = Transform3D(0.7524723, 0, 0.65862364, 0, 1, 0, -0.65862364, 0, 0.7524723, 12.447506, 4.6730013, -12.481401)
note_text = "“นายอาจหนีฉันได้… แต่หนีผลของการกระทำในโลกดิจิทัลไม่ได้หรอก”
บทเรียนสำคัญของเกมนี้คืออะไร?
1.ใช้เทคโนโลยีอย่างมีสติและรับผิดชอบ
2. กลัวผีไว้ก่อน
3. ไม่กดลิ้งค์เด็ดขาด
4. ปิดอินเทอร์เน็ตตลอดเวลา"
font_size = 25

[node name="Note20" parent="." instance=ExtResource("3_mbwnc")]
transform = Transform3D(-4.3711374e-08, -0.99999994, 0, 0.9999997, -4.3711385e-08, 0, 0, 0, 0.99999964, 5.391773, 2.5229068, -7.386285)
note_text = "“นายอาจหนีฉันได้… แต่หนีผลของการกระทำในโลกดิจิทัลไม่ได้หรอก”
บทเรียนสำคัญของเกมนี้คืออะไร?
1.ใช้เทคโนโลยีอย่างมีสติและรับผิดชอบ
2. กลัวผีไว้ก่อน
3. ไม่กดลิ้งค์เด็ดขาด
4. ปิดอินเทอร์เน็ตตลอดเวลา"
font_size = 25

[node name="Note21" parent="." instance=ExtResource("3_mbwnc")]
transform = Transform3D(-0.70895535, 0, 0.70525295, 0, 1, 0, -0.70525295, 0, -0.70895535, 7.0996695, 0.520491, -16.880003)
note_text = "“นายอาจหนีฉันได้… แต่หนีผลของการกระทำในโลกดิจิทัลไม่ได้หรอก”
บทเรียนสำคัญของเกมนี้คืออะไร?
1.ใช้เทคโนโลยีอย่างมีสติและรับผิดชอบ
2. กลัวผีไว้ก่อน
3. ไม่กดลิ้งค์เด็ดขาด
4. ปิดอินเทอร์เน็ตตลอดเวลา"
font_size = 25

[node name="Note22" parent="." instance=ExtResource("3_mbwnc")]
transform = Transform3D(0.6337858, 0, 0.7735082, 0, 1, 0, -0.77350825, 0, 0.6337857, -11.6654215, -0.0043026805, -24.409674)
note_text = "“นายอาจหนีฉันได้… แต่หนีผลของการกระทำในโลกดิจิทัลไม่ได้หรอก”
บทเรียนสำคัญของเกมนี้คืออะไร?
1.ใช้เทคโนโลยีอย่างมีสติและรับผิดชอบ
2. กลัวผีไว้ก่อน
3. ไม่กดลิ้งค์เด็ดขาด
4. ปิดอินเทอร์เน็ตตลอดเวลา"
font_size = 25

[node name="Note23" parent="." instance=ExtResource("3_mbwnc")]
transform = Transform3D(-0.8246495, 0, -0.5656435, 0, 1, 0, 0.5656435, 0, -0.8246495, 4.5364394, 0.53507656, -25.767574)
note_text = "“นายอาจหนีฉันได้… แต่หนีผลของการกระทำในโลกดิจิทัลไม่ได้หรอก”
บทเรียนสำคัญของเกมนี้คืออะไร?
1.ใช้เทคโนโลยีอย่างมีสติและรับผิดชอบ
2. กลัวผีไว้ก่อน
3. ไม่กดลิ้งค์เด็ดขาด
4. ปิดอินเทอร์เน็ตตลอดเวลา"
font_size = 25

[node name="Note24" parent="." instance=ExtResource("3_mbwnc")]
transform = Transform3D(0.10876277, -3.8697912e-08, -0.99406755, -0.99406767, -4.8206243e-08, -0.10876274, -4.3711385e-08, 0.9999999, -4.3711374e-08, 7.493564, 2.556491, -15.812918)
note_text = "“นายอาจหนีฉันได้… แต่หนีผลของการกระทำในโลกดิจิทัลไม่ได้หรอก”
บทเรียนสำคัญของเกมนี้คืออะไร?
1.ใช้เทคโนโลยีอย่างมีสติและรับผิดชอบ
2. กลัวผีไว้ก่อน
3. ไม่กดลิ้งค์เด็ดขาด
4. ปิดอินเทอร์เน็ตตลอดเวลา"
font_size = 25

[node name="Note25" parent="." instance=ExtResource("3_mbwnc")]
transform = Transform3D(0.111763805, -3.8552184e-08, -0.9937347, -0.99373484, -4.832287e-08, -0.111763775, -4.3711392e-08, 0.9999999, -4.3711378e-08, 6.9958434, 2.556491, -6.497339)
note_text = "“นายอาจหนีฉันได้… แต่หนีผลของการกระทำในโลกดิจิทัลไม่ได้หรอก”
บทเรียนสำคัญของเกมนี้คืออะไร?
1.ใช้เทคโนโลยีอย่างมีสติและรับผิดชอบ
2. กลัวผีไว้ก่อน
3. ไม่กดลิ้งค์เด็ดขาด
4. ปิดอินเทอร์เน็ตตลอดเวลา"
font_size = 25

[node name="Note26" parent="." instance=ExtResource("3_mbwnc")]
transform = Transform3D(-4.3711385e-08, 0.99999994, 0, -0.99999994, -4.3711385e-08, 0, 0, 0, 0.9999999, 5.85, 6.629, -2.546)
note_text = "“นายอาจหนีฉันได้… แต่หนีผลของการกระทำในโลกดิจิทัลไม่ได้หรอก”
บทเรียนสำคัญของเกมนี้คืออะไร?
1.ใช้เทคโนโลยีอย่างมีสติและรับผิดชอบ
2. กลัวผีไว้ก่อน
3. ไม่กดลิ้งค์เด็ดขาด
4. ปิดอินเทอร์เน็ตตลอดเวลา"
font_size = 25

<<<<<<< HEAD
[node name="Battery" parent="." groups=["Battery"] instance=ExtResource("6_csiqh")]
transform = Transform3D(1, 0, 0, 0, 1, 0, 0, 0, 1, -1.8078115, 0.6131738, 0.27270618)
physics_material_override = SubResource("PhysicsMaterial_1f7mq")

[node name="Battery2" parent="." groups=["Battery"] instance=ExtResource("6_csiqh")]
transform = Transform3D(0.7115234, 0, 0.7026624, 0, 1, 0, -0.7026624, 0, 0.7115234, -6.20432, 1.080386, -19.29586)
physics_material_override = SubResource("PhysicsMaterial_evdw8")

[node name="Battery3" parent="." groups=["Battery"] instance=ExtResource("6_csiqh")]
transform = Transform3D(-0.8574995, 0, -0.51448435, 0, 1, 0, 0.51448435, 0, -0.8574995, 7.6800995, 0.5794019, -17.165869)
physics_material_override = SubResource("PhysicsMaterial_q41ih")

[node name="Battery4" parent="." groups=["Battery"] instance=ExtResource("6_csiqh")]
transform = Transform3D(-0.6466699, 0, 0.7627696, 0, 1, 0, -0.7627696, 0, -0.6466699, 14.854051, 1.5862575, -23.00595)
physics_material_override = SubResource("PhysicsMaterial_mbwnc")

[node name="Battery5" parent="." groups=["Battery"] instance=ExtResource("6_csiqh")]
transform = Transform3D(-0.6466699, 0, 0.7627696, 0, 1, 0, -0.7627696, 0, -0.6466699, -2.635755, 4.7141514, -10.267973)
physics_material_override = SubResource("PhysicsMaterial_mbwnc")
=======
[node name="Battery" parent="." instance=ExtResource("6_csiqh")]
transform = Transform3D(1, 0, 0, 0, 1, 0, 0, 0, 1, -1.8078115, 0.6131738, 0.27270618)
physics_material_override = SubResource("PhysicsMaterial_1f7mq")

[node name="Battery2" parent="." instance=ExtResource("6_csiqh")]
transform = Transform3D(0.7115234, 0, 0.7026624, 0, 1, 0, -0.7026624, 0, 0.7115234, -6.20432, 1.080386, -19.29586)

[node name="Battery3" parent="." instance=ExtResource("6_csiqh")]
transform = Transform3D(-0.8574995, 0, -0.51448435, 0, 1, 0, 0.51448435, 0, -0.8574995, 6.8797693, 0.5794019, -16.52041)

[node name="Battery4" parent="." instance=ExtResource("6_csiqh")]
transform = Transform3D(-0.22607315, 0, -0.9741101, 0, 1, 0, 0.9741101, 0, -0.22607315, 6.7884502, 0.55620265, -16.70311)
>>>>>>> 80f349137cfac1222e401724817e5f33f8f49e1c

[node name="ItemTestCube" parent="." instance=ExtResource("4_e41yp")]
transform = Transform3D(1, 0, 0, 0, 1, 0, 0, 0, 1, -0.16850662, 0.6131738, 0.27270618)
physics_material_override = SubResource("PhysicsMaterial_4bh3e")

[node name="ItemTestCube2" parent="." instance=ExtResource("3_kqf6j")]
transform = Transform3D(1, 0, 0, 0, 1, 0, 0, 0, 1, -0.9736045, 0.6131738, 0.27270618)
physics_material_override = SubResource("PhysicsMaterial_ywl1d")

[node name="PlayerBody" parent="." instance=ExtResource("2_csiqh")]
transform = Transform3D(0.99713516, 0, -0.07564013, 0, 1, 0, 0.07564013, 0, 0.99713516, 3.3195176, 1.7671404, 1.0258665)

[node name="Door_key" parent="." instance=ExtResource("9_1f7mq")]
transform = Transform3D(1, 0, 0, 0, 1, 0, 0, 0, 1, -3.218976, 0.9024025, 0)
<<<<<<< HEAD

[node name="MeshInstance3D" type="MeshInstance3D" parent="."]
transform = Transform3D(5.4486765e-08, -1.1383327, -3.821371e-15, -1.2465119, -4.97581e-08, 8.742278e-08, -1.0897353e-07, 0, -1, 7.158017, 2.5228922, -6.432981)
mesh = ExtResource("9_4bh3e")
surface_material_override/0 = SubResource("StandardMaterial3D_ywl1d")
surface_material_override/1 = SubResource("StandardMaterial3D_q41ih")

[node name="StaticBody3D" type="StaticBody3D" parent="MeshInstance3D"]

[node name="CollisionShape3D" type="CollisionShape3D" parent="MeshInstance3D/StaticBody3D"]
shape = SubResource("ConcavePolygonShape3D_ywl1d")

[node name="MeshInstance3D2" type="MeshInstance3D" parent="."]
transform = Transform3D(4.371139e-08, -1.7678921, -3.8213705e-15, -1, -7.727702e-08, 8.742276e-08, -8.742276e-08, 0, -1, 7.4953785, 2.5228922, -15.742244)
mesh = ExtResource("9_4bh3e")
surface_material_override/0 = SubResource("StandardMaterial3D_ywl1d")
surface_material_override/1 = SubResource("StandardMaterial3D_evdw8")

[node name="StaticBody3D" type="StaticBody3D" parent="MeshInstance3D2"]

[node name="CollisionShape3D" type="CollisionShape3D" parent="MeshInstance3D2/StaticBody3D"]
shape = SubResource("ConcavePolygonShape3D_q41ih")
=======
>>>>>>> 80f349137cfac1222e401724817e5f33f8f49e1c
